This is the link file of route1									
704	1	1							
1	1	30	55	0	0.00000000000	0.00000000000	2	0.2	0
2	1	30	55	0	0.00000000000	0.00000000000	2	0.2	0
3	30	31	55	0	-0.39516161029	0.00000015240	2	0.2	0
4	30	31	55	0	-0.29799005129	0.00000015240	2	0.2	0
5	31	32	55	0	-0.22690967683	0.00000015240	2	0.2	0
6	31	32	55	0	-0.14214434147	0.00000015240	2	0.2	0
7	32	33	55	0	-0.11787299410	0.00004688555	2	0.2	0
8	32	33	55	0	-0.13725812379	0.00004688555	2	0.2	0
9	33	34	55	0	-0.13032345311	0.00110795650	2	0.2	0
10	33	34	55	0	-0.09289249862	0.00110795650	2	0.2	0
11	34	35	55	1	-0.10459475539	0.00130501457	2	0.2	0
12	34	35	55	1	-0.17242325071	0.00130501457	2	0.2	0
13	35	36	55	0	-0.19972851651	0.00013509101	2	0.2	0
14	35	36	55	0	-0.19780356782	0.00013509101	2	0.2	0
15	36	37	55	0	-0.15662896067	0.00005424952	2	0.2	0
16	36	37	55	0	-0.05664354696	0.00005424952	2	0.2	0
17	37	38	55	0	-0.03497270109	0.05106860804	2	0.2	0
18	37	38	55	0	-0.08121243511	0.05106860804	2	0.2	0
19	38	39	55	0	-0.12372812540	0.66812667146	2	0.2	0
20	38	39	55	0	-0.18219543264	0.66812667146	2	0.2	0
21	39	40	55	0	-0.19142465272	0.72367501620	2	0.2	0
22	39	40	55	0	-0.15705050158	0.72367501620	2	0.2	0
23	40	41	55	0	-0.13739283388	0.10616390010	2	0.2	0
24	40	41	55	0	-0.12376656195	0.10616390010	2	0.2	0
25	41	42	55	0	-0.12203289428	0.00014580229	2	0.2	0
26	41	42	55	0	-0.12959949240	0.00014580229	2	0.2	0
27	42	43	55	0	-0.12223140481	0.00014127419	2	0.2	0
28	42	43	55	0	-0.09805910892	0.00014127419	2	0.2	0
29	43	44	55	0	-0.12579779164	0.00014356080	2	0.2	0
30	43	44	55	0	-0.21695024443	0.00014356080	2	0.2	0
31	44	45	55	0	-0.19484598164	0.00014913315	2	0.2	0
32	44	45	55	0	-0.04957818757	0.00014913315	2	0.2	0
33	45	46	55	0	-0.03397517854	0.00014723242	2	0.2	0
34	45	46	55	0	-0.14037189108	0.00014723242	2	0.2	0
35	46	47	55	0	-0.16074248620	0.00014467392	2	0.2	0
36	46	47	55	0	-0.10404156207	0.00014467392	2	0.2	0
37	47	48	55	0	-0.10577522974	0.00014835713	2	0.2	0
38	47	48	55	0	-0.16813993642	0.00014835713	2	0.2	0
39	48	49	55	0	-0.16857335334	0.00014604735	2	0.2	0
40	48	49	55	0	-0.10720042308	0.00014604735	2	0.2	0
41	49	50	55	0	-0.10416650466	0.00014315968	2	0.2	0
42	49	50	55	0	-0.15729621434	0.00014315968	2	0.2	0
43	50	51	55	0	-0.14602737449	0.00014643262	2	0.2	0
44	50	51	55	0	-0.06626313924	0.00014643262	2	0.2	0
45	51	52	55	0	-0.09010106970	0.00014715987	2	0.2	0
46	51	52	55	0	-0.22873953446	0.00014715987	2	0.2	0
47	52	53	55	0	-0.23480737131	0.00014583095	2	0.2	0
48	52	53	55	0	-0.10977099707	0.00014583095	2	0.2	0
49	53	54	55	0	-0.06339538691	0.00015091074	2	0.2	0
50	53	54	55	0	-0.07337585192	0.00015091074	2	0.2	0
51	54	55	55	0	-0.06947509966	0.00014564563	2	0.2	0
52	54	55	55	0	-0.04672284597	0.00014564563	2	0.2	0
53	55	56	55	0	-0.04585601213	0.00013446861	2	0.2	0
54	55	56	55	0	-0.07069673738	0.00013446861	2	0.2	0
55	56	57	55	0	-0.13961002724	0.00400772302	2	0.2	0
56	56	57	55	0	-0.28586550119	0.00400772302	2	0.2	0
57	57	58	55	0	-0.28543208428	0.00405885871	2	0.2	0
58	57	58	55	0	-0.14138024194	0.00405885871	2	0.2	0
59	58	59	55	0	-0.12274331449	0.00008356640	2	0.2	0
60	58	59	55	0	-0.21908701783	0.00008356640	2	0.2	0
61	59	60	55	0	-0.19784958887	0.00014338950	2	0.2	0
62	59	60	55	0	-0.04456684608	0.00014338950	2	0.2	0
63	60	61	55	0.00E+00	0.00094193025	0.00014854793	2	0.2	0
64	60	61	55	0	-0.04028646228	0.00014854793	2	0.2	0
65	61	62	55	0	-0.07669348334	0.00014705807	2	0.2	0
66	61	62	55	0	-0.12491062540	0.00014705807	2	0.2	0
67	62	63	55	0	-0.15524980961	0.00014442033	2	0.2	0
68	62	63	55	0	-0.18496867971	0.00014442033	2	0.2	0
69	63	64	55	0	-0.18800259813	0.00014555663	2	0.2	0
70	63	64	55	0	-0.16593311172	0.00014555663	2	0.2	0
71	64	65	55	0	-0.13732759517	0.00014669353	2	0.2	0
72	64	65	55	0	-0.08966986724	0.00014669353	2	0.2	0
73	65	66	55	2	-0.10700654394	0.00014520428	2	0.2	0
74	65	66	55	2	-0.19668239864	0.00014520428	2	0.2	0
75	66	67	55	0	-0.20925148925	0.00014962266	2	0.2	0
76	66	67	55	0	-0.15074077650	0.00014962266	2	0.2	0
77	67	68	55	0	-0.13253726596	0.00014214469	2	0.2	0
78	67	68	55	0	-0.14486889714	0.00014214469	2	0.2	0
79	68	69	55	0	-0.11756363135	0.00014705441	2	0.2	0
80	68	69	55	0	-0.03440809071	0.00014705441	2	0.2	0
81	69	70	55	0	-0.00666940799	0.00014958669	2	0.2	0
82	69	70	55	0	-0.02120467078	0.00014958669	2	0.2	0
83	70	71	55	0	-0.05284410575	0.00014178015	2	0.2	0
84	70	71	55	0	-0.11695794862	0.00014178015	2	0.2	0
85	71	72	55	0	-0.14556346516	0.00014250680	2	0.2	0
86	71	72	55	0	-0.15572958615	0.00014250680	2	0.2	0
87	72	73	55	0	-0.17349967977	0.00079749942	2	0.2	0
88	72	73	55	0	-0.20894503313	0.00079749942	2	0.2	0
89	73	74	55	0	-0.20287719629	0.00417310811	2	0.2	0
90	73	74	55	0	-0.15139784893	0.00417310811	2	0.2	0
91	74	75	55	0	-0.11889158012	0.00323196194	2	0.2	0
92	74	75	55	0	-0.08874854082	0.00323196194	2	0.2	0
93	75	76	55	0	-0.08138045322	0.00014987016	2	0.2	0
94	75	76	55	0	-0.09146788520	0.00014987016	2	0.2	0
95	76	77	55	0	-0.09710230512	0.00015141671	2	0.2	0
96	76	77	55	0	-0.10222675840	0.00015141671	2	0.2	0
97	77	78	55	0	-0.12823177344	0.00013459297	2	0.2	0
98	77	78	55	0	-0.18846744098	0.00013459297	2	0.2	0
99	78	79	55	0	-0.19453527783	0.00013868095	2	0.2	0
100	78	79	55	0	-0.15055982786	0.00013868095	2	0.2	0
101	79	80	55	0	-0.14275832335	0.00015244572	2	0.2	0
102	79	80	55	0	-0.16786379149	0.00015244572	2	0.2	0
103	80	81	55	0	-0.16959745916	0.00014685751	2	0.2	0
104	80	81	55	0	-0.14727142295	0.00014685751	2	0.2	0
105	81	82	55	0	-0.13166841392	0.00014610770	2	0.2	0
106	81	82	55	0	-0.11537787013	0.00014610770	2	0.2	0
107	82	83	55	0	-0.11581128704	0.00014757074	2	0.2	0
108	82	83	55	0	-0.13162315401	0.00014757074	2	0.2	0
109	83	84	55	0	-0.12338823258	0.00014575536	2	0.2	0
110	83	84	55	0	-0.08723388226	0.00014575536	2	0.2	0
111	84	85	55	0	-0.08853413301	0.00014426732	2	0.2	0
112	84	85	55	0	-0.12834248335	0.00014426732	2	0.2	0
113	85	86	55	0	-0.14307865855	0.00469827422	2	0.2	0
114	85	86	55	0	-0.13758454368	0.00469827422	2	0.2	0
115	86	87	55	0	-0.10117752262	0.00508681496	2	0.2	0
116	86	87	55	0	-0.01683021164	0.00508681496	2	0.2	0
117	87	88	55	0	-0.01119579171	0.00024260494	2	0.2	0
118	87	88	55	0	-0.08132094559	0.00024260494	2	0.2	0
119	88	89	55	0	-0.11426063132	0.00014571817	2	0.2	0
120	88	89	55	0	-0.12564680059	0.00014571817	2	0.2	0
121	89	90	55	0	-0.12651363442	0.00014824618	2	0.2	0
122	89	90	55	0	-0.12186171315	0.00014824618	2	0.2	0
123	90	91	55	0	-0.15913556805	0.00160904037	2	0.2	0
124	90	91	55	0	-0.25518829881	0.00160904037	2	0.2	0
125	91	92	55	0	-0.23611795445	0.00407037100	2	0.2	0
126	91	92	55	0	-0.09241159230	0.00407037100	2	0.2	0
127	92	93	55	3	-0.05080356823	0.00231481938	2	0.2	0
128	92	93	55	3	-0.09197540486	0.00231481938	2	0.2	0
129	93	94	55	0	-0.12361483983	0.00015379110	2	0.2	0
130	93	94	55	0	-0.15851881565	0.00015379110	2	0.2	0
131	94	95	55	0	-0.16155273407	0.00013485083	2	0.2	0
132	94	95	55	0	-0.13328013584	0.00013485083	2	0.2	0
133	95	96	55	0	-0.08777135951	0.00013844198	2	0.2	0
134	95	96	55	0	-0.00393305158	0.00013844198	2	0.2	0
135	96	97	55	0	-0.01520189144	0.00015637763	2	0.2	0
136	96	97	55	0	-0.12708862229	0.00015637763	2	0.2	0
137	97	98	55	0	-0.17346423246	0.00006880494	2	0.2	0
138	97	98	55	0	-0.17558712677	0.00006880494	2	0.2	0
139	98	3	55	0	-0.19807124249	0.00006880494	2	0.2	0
140	98	3	55	0	-0.09917164493	0.00006880494	2	0.2	0
141	3	4	55	0	-0.09619001366	0.00000000000	2	0.2	0
142	3	4	55	0	-0.16680016635	0.00000000000	2	0.2	0
143	4	99	55	0	-0.11130803011	0.00000000000	2	0.2	0
144	4	99	55	0	-0.06979480983	0.00000000000	2	0.2	0
145	99	5	55	0	-0.31414471503	0.00000000000	2	0.2	0
146	99	5	55	0	-0.62677493722	0.00000000000	2	0.2	0
147	5	100	55	0	-0.17773739558	0.00000000000	2	0.2	0
148	5	100	55	0	-0.09146308764	0.00000000000	2	0.2	0
149	100	101	55	0	-0.04985506357	0.00010784921	2	0.2	0
150	100	101	55	0	-0.03746892477	0.00010784921	2	0.2	0
151	101	102	55	0	-0.10811588231	0.00013913327	2	0.2	0
152	101	102	55	0	-0.29491493323	0.00013913327	2	0.2	0
153	102	103	55	0	-0.32005311444	0.00014247997	2	0.2	0
154	102	103	55	0	-0.19612162843	0.00014247997	2	0.2	0
155	103	104	55	0	-0.13197592465	0.00015115458	2	0.2	0
156	103	104	55	0	-0.09741742902	0.00015115458	2	0.2	0
157	104	105	55	0	-0.08528175534	0.00014548835	2	0.2	0
158	104	105	55	0	-0.08700875839	0.00014548835	2	0.2	0
159	105	106	55	0	-0.10997985502	0.00014465442	2	0.2	0
160	105	106	55	0	-0.16505869478	0.00014465442	2	0.2	0
161	106	107	55	0	-0.17329361621	0.00014357969	2	0.2	0
162	106	107	55	0	-0.13779375522	0.00014357969	2	0.2	0
163	107	108	55	0	-0.10138673416	0.00014406311	2	0.2	0
164	107	108	55	0	-0.04814800925	0.00014406311	2	0.2	0
165	108	109	55	0	-0.06591810286	0.00014986101	2	0.2	0
166	108	109	55	0	-0.16185567356	0.00014986101	2	0.2	0
167	109	110	55	0	-0.17615843184	0.00014542800	2	0.2	0
168	109	110	55	0	-0.11707806359	0.00014542800	2	0.2	0
169	110	111	55	0	-0.11967856509	0.00014058534	2	0.2	0
170	110	111	55	0	-0.18519031702	0.00014058534	2	0.2	0
171	111	112	55	0	-0.17045414183	0.00014605650	2	0.2	0
172	111	112	55	0	-0.06632990644	0.00014605650	2	0.2	0
173	112	113	55	0	-0.03295680380	0.00014957023	2	0.2	0
174	112	113	55	0	-0.05602011492	0.00014957023	2	0.2	0
175	113	114	55	0	-0.09892838974	0.00014317004	2	0.2	0
176	113	114	55	0	-0.17942375506	0.00014317004	2	0.2	0
177	114	115	55	0	-0.16642124754	0.00014536765	2	0.2	0
178	114	115	55	0	-0.05357101820	0.00014536765	2	0.2	0
179	115	116	55	4	-0.00979590954	0.00176848368	2	0.2	0
180	115	116	55	4	-0.01577484607	0.00176848368	2	0.2	0
181	116	117	55	0	-0.05738287014	0.00420843443	2	0.2	0
182	116	117	55	0	-0.15419296065	0.00420843443	2	0.2	0
183	117	118	55	0	-0.18929973096	0.00229172163	2	0.2	0
184	117	118	55	0	-0.18263597889	0.00229172163	2	0.2	0
185	118	119	55	0	-0.18610331422	0.00014903622	2	0.2	0
186	118	119	55	0	-0.20146478231	0.00014903622	2	0.2	0
187	119	120	55	0	-0.16765826275	0.00014198559	2	0.2	0
188	119	120	55	0	-0.06792530229	0.00014198559	2	0.2	0
189	120	121	55	0	-0.05839013011	0.00014082674	2	0.2	0
190	120	121	55	0	-0.13480527793	0.00014082674	2	0.2	0
191	121	122	55	0	-0.17424621741	0.00015014691	2	0.2	0
192	121	122	55	0	-0.19594399396	0.00015014691	2	0.2	0
193	122	123	55	0	-0.20764625073	0.00014595713	2	0.2	0
194	122	123	55	0	-0.21473417202	0.00014595713	2	0.2	0
195	123	124	55	0	-0.17095906336	0.00015945185	2	0.2	0
196	123	124	55	0	-0.05448311195	0.00015945185	2	0.2	0
197	124	125	55	0	-0.03281226608	0.00013603650	2	0.2	0
198	124	125	55	0	-0.09599498496	0.00013603650	2	0.2	0
199	125	126	55	0	-0.14800501504	0.00013691555	2	0.2	0
200	125	126	55	0	-0.21180984876	0.00013691555	2	0.2	0
201	126	127	55	0	-0.19967417507	0.00016768267	2	0.2	0
202	126	127	55	0	-0.10759059830	0.00016768267	2	0.2	0
203	127	128	55	0	-0.08418608476	0.00011480962	2	0.2	0
204	127	128	55	0	-0.11813270692	0.00011480962	2	0.2	0
205	128	129	55	0	-0.13026838061	0.00013729167	2	0.2	0
206	128	129	55	0	-0.12451566766	0.00013729167	2	0.2	0
207	129	130	55	0	-0.11801441390	0.00016420551	2	0.2	0
208	129	130	55	0	-0.10948431730	0.00016420551	2	0.2	0
209	130	131	55	0	-0.12595416016	0.00502803550	2	0.2	0
210	130	131	55	0	-0.17712040183	0.00502803550	2	0.2	0
211	131	132	55	0	-0.21006008755	0.00516889028	2	0.2	0
212	131	132	55	0	-0.23941544088	0.00516889028	2	0.2	0
213	132	133	55	0	-0.20300841982	0.00004857658	2	0.2	0
214	132	133	55	0	-0.08327435965	0.00004857658	2	0.2	0
215	133	134	55	0	-0.05120150776	0.00013407908	2	0.2	0
216	133	134	55	0	-0.08973939875	0.00013407908	2	0.2	0
217	134	135	55	0	-0.10274190627	0.00005659526	2	0.2	0
218	134	135	55	0	-0.09534292757	0.00005659526	2	0.2	0
219	135	136	55	0	-0.10964568584	0.00014665086	2	0.2	0
220	135	136	55	0	-0.15200724454	0.00014665086	2	0.2	0
221	136	137	55	0	-0.13033639867	0.00018279648	2	0.2	0
222	136	137	55	0	-0.03765079190	0.00018279648	2	0.2	0
223	137	138	55	0	-0.07709173138	0.00017836652	2	0.2	0
224	137	138	55	0	-0.26641980926	0.00017836652	2	0.2	0
225	138	139	55	0	-0.26772006001	0.00012657856	2	0.2	0
226	138	139	55	0	-0.08139558937	0.00012657856	2	0.2	0
227	139	140	55	0	-0.03848731454	0.00010153497	2	0.2	0
228	139	140	55	0	-0.11913226270	0.00010153497	2	0.2	0
229	140	141	55	0	-0.13170135331	0.00016156106	2	0.2	0
230	140	141	55	0	-0.07863024780	0.00016156106	2	0.2	0
231	141	142	55	0	-0.06562774028	0.00016604833	2	0.2	0
232	141	142	55	0	-0.09010494876	0.00016604833	2	0.2	0
233	142	143	55	0	-0.13431347433	0.00239110045	2	0.2	0
234	142	143	55	0	-0.21818006021	0.00239110045	2	0.2	0
235	143	144	55	5	-0.20864488802	0.00337030090	2	0.2	0
236	143	144	55	5	-0.10377928119	0.00337030090	2	0.2	0
237	144	145	55	0	-0.10074536276	0.00083535741	2	0.2	0
238	144	145	55	0	-0.19668907829	0.00083535741	2	0.2	0
239	145	146	55	0	-0.18498682152	0.00015369722	2	0.2	0
240	145	146	55	0	-0.05632677349	0.00015369722	2	0.2	0
241	146	147	55	0	-0.00344990957	0.00019006413	2	0.2	0
242	146	147	55	0	-0.00432652593	0.00019006413	2	0.2	0
243	147	148	55	0	-0.07063931429	0.00010803879	2	0.2	0
244	147	148	55	0	-0.23106243772	0.00010803879	2	0.2	0
245	148	149	55	0	-0.23149585464	0.00008391144	2	0.2	0
246	148	149	55	0	-0.07506197005	0.00008391144	2	0.2	0
247	149	150	55	0	-0.05339112418	0.00017702722	2	0.2	0
248	149	150	55	0	-0.15738011465	0.00017702722	2	0.2	0
249	150	151	55	0	-0.17818412669	0.00191525097	2	0.2	0
250	150	151	55	0	-0.12584415126	0.00191525097	2	0.2	0
251	151	152	55	0	-0.14708158021	0.00358461248	2	0.2	0
252	151	152	55	0	-0.25214718096	0.00358461248	2	0.2	0
253	152	153	55	0	-0.23090975200	0.00150790529	2	0.2	0
254	152	153	55	0	-0.07269435674	0.00150790529	2	0.2	0
255	153	154	55	0	-0.04538909094	0.00014073835	2	0.2	0
256	153	154	55	0	-0.13617393042	0.00014073835	2	0.2	0
257	154	155	55	0	-0.16347919621	0.00015045659	2	0.2	0
258	154	155	55	0	-0.13794751059	0.00015045659	2	0.2	0
259	155	156	55	0	-0.12581183690	0.00015600029	2	0.2	0
260	155	156	55	0	-0.12292338973	0.00015600029	2	0.2	0
261	156	157	55	0	-0.12205655589	0.00013326587	2	0.2	0
262	156	157	55	0	-0.12115166158	0.00013326587	2	0.2	0
263	157	158	55	0	-0.10814915406	0.00014936053	2	0.2	0
264	157	158	55	0	-0.07757580072	0.00014936053	2	0.2	0
265	158	159	55	0	-0.09101172516	0.00014591141	2	0.2	0
266	158	159	55	0	-0.15493171894	0.00014591141	2	0.2	0
267	159	160	55	0	-0.16750080955	0.00072520513	2	0.2	0
268	159	160	55	0	-0.13398245315	0.00072520513	2	0.2	0
269	160	161	55	0	-0.10797743810	0.00312580681	2	0.2	0
270	160	161	55	0	-0.07681434442	0.00312580681	2	0.2	0
271	161	162	55	0	-0.06294500306	0.00226513210	2	0.2	0
272	161	162	55	0	-0.05968484603	0.00226513210	2	0.2	0
273	162	163	55	0	-0.08612327799	0.00012782580	2	0.2	0
274	162	163	55	0	-0.15335998470	0.00012782580	2	0.2	0
275	163	164	55	0	-0.14122431101	0.00012234672	2	0.2	0
276	163	164	55	0	-0.05441846900	0.00012234672	2	0.2	0
277	164	165	55	0	-0.19007796415	0.29448291901	2	0.2	0
278	164	165	55	0	-0.60588843975	0.29448291901	2	0.2	0
279	165	166	55	0	-0.49657917550	0.52134561160	2	0.2	0
280	165	166	55	0	0.19295142768	0.52134561160	2	0.2	0
281	166	167	55	0	0.31573928569	0.22589376562	2	0.2	0
282	166	167	55	0	-0.06780115974	0.22589376562	2	0.2	0
283	167	168	55	0	-0.19089156428	0.00008148523	2	0.2	0
284	167	168	55	0	-0.10162758913	0.00008148523	2	0.2	0
285	168	169	55	6	-0.04875072521	0.00008407237	2	0.2	0
286	168	169	55	6	-0.01385084594	0.00008407237	2	0.2	0
287	169	170	55	0.00E+00	-0.00084833842	0.00012156460	2	0.2	0
288	169	170	55	0	-0.00432652593	0.00012156460	2	0.2	0
289	170	171	55	0	-0.07063931429	0.00009950074	2	0.2	0
290	170	171	55	0	-0.23103415977	0.00009950074	2	0.2	0
291	171	172	55	0	-0.23103415977	0.00010604601	2	0.2	0
292	171	172	55	0	-0.07493756228	0.00010604601	2	0.2	0
293	172	173	55	0	-0.07450414536	0.00010259933	2	0.2	0
294	172	173	55	0	-0.22958068848	0.00010259933	2	0.2	0
295	173	174	55	0	-0.23044752232	0.00010019446	2	0.2	0
296	173	174	55	0	-0.07746764384	0.00010019446	2	0.2	0
297	174	175	55	0	-0.07703422692	0.00010648005	2	0.2	0
298	174	175	55	0	-0.22893749513	0.00010648005	2	0.2	0
299	175	176	55	0	-0.22807066129	0.00010206167	2	0.2	0
300	175	176	55	0	-0.07523012428	0.00010206167	2	0.2	0
301	176	177	55	0	-0.09430046865	0.00010017374	2	0.2	0
302	176	177	55	0	-0.29584092109	0.00010017374	2	0.2	0
303	177	178	55	0	-0.31707835004	0.00010464210	2	0.2	0
304	177	178	55	0	-0.16402183083	0.00010464210	2	0.2	0
305	178	179	55	0	-0.07950553193	0.00010320893	2	0.2	0
306	178	179	55	0	-0.02434800315	0.00010320893	2	0.2	0
307	179	180	55	0	-0.02954900616	0.00010339730	2	0.2	0
308	179	180	55	0	-0.09211165847	0.00010339730	2	0.2	0
309	180	181	55	0	-0.09211165847	0.00010248229	2	0.2	0
310	180	181	55	0	-0.02816338674	0.00010248229	2	0.2	0
311	181	182	55	0	-0.00172495478	0.00010558637	2	0.2	0
312	181	182	55	0	0.00000000000	0.00010558637	2	0.2	0
313	182	183	55	0	0.00000000000	0.00010104242	2	0.2	0
314	182	183	55	0.00E+00	0.00005655589	0.00010104242	2	0.2	0
315	183	184	55	0.00E+00	0.00092338973	0.00010006401	2	0.2	0
316	183	184	55	0	-0.00484121496	0.00010006401	2	0.2	0
317	184	185	55	0	-0.12533111800	0.00041075517	2	0.2	0
318	184	185	55	0	-0.41968422902	0.00041075517	2	0.2	0
319	185	186	55	0	-0.43312015346	0.00220838017	2	0.2	0
320	185	186	55	0	-0.17644020882	0.00220838017	2	0.2	0
321	186	187	55	0	-0.12182967722	0.00169419234	2	0.2	0
322	186	187	55	0	-0.24551485481	0.00169419234	2	0.2	0
323	187	188	55	0	-0.27282012061	0.00010284561	2	0.2	0
324	187	188	55	0	-0.20994845915	0.00010284561	2	0.2	0
325	188	189	55	0	-0.15707159523	0.00010329306	2	0.2	0
326	188	189	55	0	-0.08777674319	0.00010329306	2	0.2	0
327	189	190	55	0	-0.04790238679	0.00010257312	2	0.2	0
328	189	190	55	0	-0.01385084594	0.00010257312	2	0.2	0
329	190	191	55	0.00E+00	-0.00084833842	0.00010256642	2	0.2	0
330	190	191	55	0.00E+00	-0.00087661637	0.00010256642	2	0.2	0
331	191	192	55	0	-0.01431254080	0.00945276393	2	0.2	0
332	191	192	55	0	-0.04678256488	0.00945276393	2	0.2	0
333	192	193	55	7	-0.04634914797	0.00505619354	2	0.2	0
334	192	193	55	7	-0.01283079156	0.00505619354	2	0.2	0
335	193	194	55	0.00E+00	0.00017171665	0.02148595907	2	0.2	0
336	193	194	55	0	-0.00104833655	0.02148595907	2	0.2	0
337	194	195	55	0	-0.00148175521	0.00425278594	2	0.2	0
338	194	195	55	0	-0.00419440080	0.00425278594	2	0.2	0
339	195	196	55	0	-0.06097200008	0.01273634984	2	0.2	0
340	195	196	55	0	-0.20322594555	0.01273634984	2	0.2	0
341	196	197	55	0	-0.26303748015	0.00010188001	2	0.2	0
342	196	197	55	0	-0.27031720224	0.00010188001	2	0.2	0
343	197	198	55	0	-0.22827576126	0.00010381488	2	0.2	0
344	197	198	55	0	-0.11568822654	0.00010381488	2	0.2	0
345	198	199	55	0	-0.04244076750	0.00010277490	2	0.2	0
346	198	199	55	0	0.03025563131	0.00010277490	2	0.2	0
347	199	200	55	0	0.03935738657	0.00137848966	2	0.2	0
348	199	200	55	0	-0.00346276382	0.00137848966	2	0.2	0
349	200	201	55	0	0.03467792924	0.00312173224	2	0.2	0
350	200	201	55	0	0.16938372155	0.00312173224	2	0.2	0
351	201	202	55	0	0.11650685762	0.00164082979	2	0.2	0
352	201	202	55	0	-0.15398502542	0.00164082979	2	0.2	0
353	202	203	55	0	-0.26017217452	0.00010302240	2	0.2	0
354	202	203	55	0	-0.25899229622	0.00010302240	2	0.2	0
355	203	204	55	0	-0.29106514810	0.00010178735	2	0.2	0
356	203	204	55	0	-0.37612760086	0.00010178735	2	0.2	0
357	204	205	55	0	-0.33451957679	0.00010158374	2	0.2	0
358	204	205	55	0	-0.14313335359	0.00010158374	2	0.2	0
359	205	206	55	0	-0.06555172537	0.00010513832	2	0.2	0
360	205	206	55	0	-0.06238664355	0.00010513832	2	0.2	0
361	206	207	55	0	-0.07582256799	0.00010552420	2	0.2	0
362	206	207	55	0	-0.11072244726	0.00010552420	2	0.2	0
363	207	208	55	0	-0.16316589427	0.00009780666	2	0.2	0
364	207	208	55	0	-0.25768751933	0.00009780666	2	0.2	0
365	208	209	55	0	-0.23124908737	0.00009993599	2	0.2	0
366	208	209	55	0	-0.07275091263	0.00009993599	2	0.2	0
367	209	210	55	0	-0.04631248067	0.00010621609	2	0.2	0
368	209	210	55	0	-0.14258733846	0.00010621609	2	0.2	0
369	210	211	55	0	-0.22190263435	0.00010342229	2	0.2	0
370	210	211	55	0	-0.31922582447	0.00010342229	2	0.2	0
371	211	212	55	0	-0.29322080942	0.00010341498	2	0.2	0
372	211	212	55	0	-0.13475091263	0.00010341498	2	0.2	0
373	212	213	55	0	-0.10831248067	0.00948681252	2	0.2	0
374	212	213	55	0	-0.20026081253	0.00948681252	2	0.2	0
375	213	214	55	0	-0.21326374961	0.01236503204	2	0.2	0
376	213	214	55	0	-0.15188864746	0.01236503204	2	0.2	0
377	214	215	55	0	-0.15188834153	0.03216596969	2	0.2	0
378	214	215	55	0	-0.21151008732	0.03216596969	2	0.2	0
379	215	216	55	0	-0.17168620777	0.81168354085	2	0.2	0
380	215	216	55	0	-0.01039560340	0.81168354085	2	0.2	0
381	216	217	55	0	0.02915515828	1.41556032863	2	0.2	0
382	216	217	55	0	-0.03261774781	1.41556032863	2	0.2	0
383	217	218	55	0	-0.04593551336	0.64100078533	2	0.2	0
384	217	218	55	0	-0.01431294178	0.64100078533	2	0.2	0
385	218	219	55	0.00E+00	-0.00087661637	0.01685710611	2	0.2	0
386	218	219	55	0	0.00000000000	0.01685710611	2	0.2	0
387	219	6	55	8	0.00000000000	0.01685710611	2	0.2	0
388	219	6	55	8	0.00000000000	0.01685710611	2	0.2	0
389	6	220	55	0	0.00000000000	0.00000000000	2	0.2	0
390	6	220	55	0	0.00000000000	0.00000000000	2	0.2	0
391	6	220	55	0	0.00000000000	0.00000000000	2	0.2	0
392	6	220	55	0	0.00000000000	0.00000000000	2	0.2	0
393	220	221	55	0	0.00000000000	0.00000515234	2	0.2	0
394	220	221	55	0	-0.00361957725	0.00000515234	2	0.2	0
395	220	221	55	0	-0.05909694268	0.00000515234	2	0.2	0
396	220	221	55	0	-0.19690305732	0.00000515234	2	0.2	0
397	221	222	55	0	-0.25238042275	0.00000520294	2	0.2	0
398	221	222	55	0	-0.25478404827	0.00000520294	2	0.2	0
399	221	222	55	0	-0.23614712082	0.00000520294	2	0.2	0
400	221	222	55	0	-0.18985287918	0.00000520294	2	0.2	0
401	222	223	55	0	-0.17121595173	0.00000307360	2	0.2	0
402	222	223	55	0	-0.16759637448	0.00000307360	2	0.2	0
403	222	223	55	0	-0.13075593650	0.00000307360	2	0.2	0
404	222	223	55	0	-0.03924406350	0.00000307360	2	0.2	0
405	223	224	55	0	-0.00240362552	0.00000463418	2	0.2	0
406	223	224	55	0.00E+00	-0.00087661637	0.00000463418	2	0.2	0
407	223	224	55	0	-0.01431254080	0.00000463418	2	0.2	0
408	223	224	55	0	-0.04768745920	0.00000463418	2	0.2	0
409	224	7	55	9	-0.07659648630	0.00000463418	2	0.2	0
410	224	7	55	9	-0.07443486717	0.00000463418	2	0.2	0
411	224	7	55	9	-0.02446650135	0.00000463418	2	0.2	0
412	224	7	55	9	0.09533198637	0.00000463418	2	0.2	0
413	7	225	55	0	0.06307165536	0.00000000000	2	0.2	0
414	7	225	55	0	-0.06567322651	0.00000000000	2	0.2	0
415	225	226	55	0	-0.11855009043	0.00056805330	2	0.2	0
416	225	226	55	0	-0.12457329320	0.00056805330	2	0.2	0
417	226	227	55	0	-0.16401423268	0.00000516392	2	0.2	0
418	226	227	55	0	-0.26198576732	0.00000516392	2	0.2	0
419	227	228	55	0	-0.30142670680	0.00005248961	2	0.2	0
420	227	228	55	0	-0.29970175202	0.00005248961	2	0.2	0
421	228	8	55	0	-0.25129167671	0.00005248961	2	0.2	0
422	228	8	55	0	-0.07542071726	0.00005248961	2	0.2	0
423	8	229	55	0	-0.00429824798	0.00000000000	2	0.2	0
424	8	229	55	0	0.00000000000	0.00000000000	2	0.2	0
425	229	230	55	0	0.00000000000	0.00000475976	2	0.2	0
426	229	230	55	0	0.00000000000	0.00000475976	2	0.2	0
427	230	231	55	0	0.00000000000	0.00000310164	2	0.2	0
428	230	231	55	0	0.00000000000	0.00000310164	2	0.2	0
429	231	232	55	0	0.00000000000	0.00000418978	2	0.2	0
430	231	232	55	0	-0.00164012094	0.00000418978	2	0.2	0
431	232	233	55	0	-0.02677830215	0.00000475976	2	0.2	0
432	232	233	55	0	-0.09284127510	0.00000475976	2	0.2	0
433	233	234	55	0	-0.17345682174	0.00000527975	2	0.2	0
434	233	234	55	0	-0.31117810254	0.00000527975	2	0.2	0
435	234	235	55	0	-0.34021703601	0.00000418978	2	0.2	0
436	234	235	55	0	-0.27281885471	0.00000418978	2	0.2	0
437	235	236	55	0	-0.16446462536	0.00322534046	2	0.2	0
438	235	236	55	0	0.03892988195	0.00322534046	2	0.2	0
439	236	237	55	0	0.09310699663	0.00335921349	2	0.2	0
440	236	237	55	0	0.02954847134	0.00335921349	2	0.2	0
441	237	9	55	0	0.00237809669	0.00335921349	2	0.2	0
442	237	9	55	0	-0.00795176081	0.00335921349	2	0.2	0
443	9	238	55	10	-0.09880270104	0.00000000000	2	0.2	0
444	9	238	55	10	-0.32043113531	0.00000000000	2	0.2	0
445	238	239	55	0	-0.27882311124	0.00000425318	2	0.2	0
446	238	239	55	0	0.04084365493	0.00000425318	2	0.2	0
447	239	240	55	0	0.05211249478	0.00000420380	2	0.2	0
448	239	240	55	0	-0.23956240435	0.00000420380	2	0.2	0
449	240	241	55	0	-0.28117042842	0.00000524317	2	0.2	0
450	240	241	55	0	-0.08852358934	0.00000524317	2	0.2	0
451	241	242	55	0	-0.03347964083	0.00000430317	2	0.2	0
452	241	242	55	0	-0.09788035971	0.00000430317	2	0.2	0
453	242	243	55	0	-0.18629741086	0.00000311445	2	0.2	0
454	242	243	55	0	-0.33734005100	0.00000311445	2	0.2	0
455	243	244	55	0	-0.32823829574	0.00000472318	2	0.2	0
456	243	244	55	0	-0.15458683992	0.00000472318	2	0.2	0
457	244	245	55	0	-0.06616978876	0.00000430256	2	0.2	0
458	244	245	55	0	-0.01846779459	0.00000430256	2	0.2	0
459	245	246	55	0	-0.00113111789	0.00000472318	2	0.2	0
460	245	246	55	0	-0.00166839889	0.00000472318	2	0.2	0
461	246	247	55	0	-0.02723999702	0.00000472318	2	0.2	0
462	246	247	55	0	-0.09429474639	0.00000472318	2	0.2	0
463	247	248	55	0	-0.17404345920	0.00000373319	2	0.2	0
464	247	248	55	0	-0.30666856467	0.00000373319	2	0.2	0
465	248	249	55	0	-0.30536831391	0.00000420380	2	0.2	0
466	248	249	55	0	-0.16965476737	0.00000420380	2	0.2	0
467	249	250	55	0	-0.09207313915	0.00083894856	2	0.2	0
468	249	250	55	0	-0.03340504836	0.00083894856	2	0.2	0
469	250	251	55	0	-0.00913370099	0.00142529657	2	0.2	0
470	250	251	55	0	-0.00573010594	0.00142529657	2	0.2	0
471	251	252	55	0	-0.05600646836	0.00059049268	2	0.2	0
472	251	252	55	0	-0.18619147727	0.00059049268	2	0.2	0
473	252	253	55	0	-0.23950175811	0.00000366552	2	0.2	0
474	252	253	55	0	-0.24332337754	0.00000366552	2	0.2	0
475	253	254	55	0	-0.21731836250	0.00200349484	2	0.2	0
476	253	254	55	0	-0.14890012683	0.00200349484	2	0.2	0
477	254	255	55	0	-0.09558984599	0.00440292364	2	0.2	0
478	254	255	55	0	-0.02816338674	0.00440292364	2	0.2	0
479	255	256	55	0	-0.00172495478	0.00239303837	2	0.2	0
480	255	256	55	0	-0.00517486435	0.00239303837	2	0.2	0
481	256	257	55	0	-0.08449016023	0.00000485790	2	0.2	0
482	256	257	55	0	-0.27721159178	0.00000485790	2	0.2	0
483	257	258	55	0	-0.29064751622	0.00000324978	2	0.2	0
484	257	258	55	0	-0.13214934148	0.00000324978	2	0.2	0
485	258	259	55	0	-0.06583655312	0.00000476037	2	0.2	0
486	258	259	55	0	-0.06119692149	0.00000476037	2	0.2	0
487	259	260	55	0	-0.07203234443	0.00000428976	2	0.2	0
488	259	260	55	0	-0.09858203616	0.00000428976	2	0.2	0
489	260	261	55	0	-0.08818003014	0.00000381853	2	0.2	0
490	260	261	55	0	-0.03491507555	0.00000381853	2	0.2	0
491	261	262	55	0	-0.01064372817	0.00000480913	2	0.2	0
492	261	262	55	0	-0.00800158943	0.00000480913	2	0.2	0
493	262	263	55	11	-0.08558321765	0.00000428915	2	0.2	0
494	262	263	55	11	-0.28272010552	0.00000428915	2	0.2	0
495	263	264	55	0	-0.33429671869	0.00747201022	2	0.2	0
496	263	264	55	0	-0.26510678534	0.00747201022	2	0.2	0
497	264	265	55	0	-0.18492465562	0.00900558698	2	0.2	0
498	264	265	55	0	-0.05494168890	0.00900558698	2	0.2	0
499	265	266	55	0	-0.00336507572	0.00642471928	2	0.2	0
500	265	266	55	0	0.00000000000	0.00642471928	2	0.2	0
501	266	267	55	0	0.00000000000	0.00973999464	2	0.2	0
502	266	267	55	0	0.00000000000	0.00973999464	2	0.2	0
503	267	268	55	0	0.00000000000	0.00177740579	2	0.2	0
504	267	268	55	0	-0.00520314230	0.00177740579	2	0.2	0
505	268	269	55	0	-0.08495185510	0.00000486644	2	0.2	0
506	268	269	55	0	-0.27954167944	0.00000486644	2	0.2	0
507	269	270	55	0	-0.30554669449	0.00000330830	2	0.2	0
508	269	270	55	0	-0.17643010275	0.00000330830	2	0.2	0
509	270	271	55	0	-0.11011731438	0.00000420014	2	0.2	0
510	270	271	55	0	-0.07536087313	0.00000420014	2	0.2	0
511	271	272	55	0	-0.06235836561	0.00000382707	2	0.2	0
512	271	272	55	0	-0.06311982191	0.00000382707	2	0.2	0
513	272	273	55	0	-0.10342759523	0.00000486644	2	0.2	0
514	272	273	55	0	-0.20443101504	0.00000486644	2	0.2	0
515	273	274	55	0	-0.24257170377	0.00000476829	2	0.2	0
516	273	274	55	0	-0.23461331094	0.00000476829	2	0.2	0
517	274	275	55	0	-0.16830052258	0.00000434706	2	0.2	0
518	274	275	55	0	-0.01156582194	0.00000434706	2	0.2	0
519	275	276	55	0	0.02614144987	0.00000434706	2	0.2	0
520	275	276	55	0	-0.03514664654	0.00000434706	2	0.2	0
521	276	277	55	0	-0.07415416910	0.00000320954	2	0.2	0
522	276	277	55	0	-0.10642419928	0.00000320954	2	0.2	0
523	277	278	55	0	-0.09298827484	0.00000481706	2	0.2	0
524	277	278	55	0	-0.02937933848	0.00000481706	2	0.2	0
525	278	279	55	0	-0.02157783396	0.00000434645	2	0.2	0
526	278	279	55	0	-0.07233999127	0.00000434645	2	0.2	0
527	279	280	55	0	-0.18589522363	0.00000481706	2	0.2	0
528	279	280	55	0	-0.41548000246	0.00000481706	2	0.2	0
529	280	281	55	0	-0.39684307501	0.00000429707	2	0.2	0
530	280	281	55	0	-0.11963499102	0.00000429707	2	0.2	0
531	281	282	55	0	0.01429083646	0.00000330769	2	0.2	0
532	281	282	55	0	0.06961393637	0.00000330769	2	0.2	0
533	282	283	55	0	0.04880992434	0.00000434645	2	0.2	0
534	282	283	55	0	-0.05216726580	0.00000434645	2	0.2	0
535	283	284	55	0	-0.09377528988	0.00000429707	2	0.2	0
536	283	284	55	0	-0.09476706630	0.00000429707	2	0.2	0
537	284	285	55	0	-0.05272562532	0.00000476829	2	0.2	0
538	284	285	55	0	0.04791837428	0.00000476829	2	0.2	0
539	285	286	55	0	0.01627893931	0.00212940040	2	0.2	0
540	285	286	55	0	-0.16244860699	0.00212940040	2	0.2	0
541	286	287	55	0	-0.19669051230	0.21409004000	2	0.2	0
542	286	287	55	0	-0.10162860641	0.21409004000	2	0.2	0
543	287	288	55	12	-0.04875784366	0.25792130540	2	0.2	0
544	287	288	55	12	-0.01436194578	0.25792130540	2	0.2	0
545	288	289	55	0	-0.00915884598	0.03978778179	2	0.2	0
546	288	289	55	0	-0.03096973432	0.03978778179	2	0.2	0
547	289	290	55	0	-0.08904778061	0.01069059590	2	0.2	0
548	289	290	55	0	-0.21065457507	0.01069059590	2	0.2	0
549	290	291	55	0	-0.20285264625	0.00454948184	2	0.2	0
550	290	291	55	0	-0.06619363780	0.00454948184	2	0.2	0
551	291	292	55	0	-0.07442855923	0.00001268029	2	0.2	0
552	291	292	55	0	-0.23103415977	0.00001268029	2	0.2	0
553	292	293	55	0	-0.23103415977	0.00001328075	2	0.2	0
554	292	293	55	0	-0.07061103635	0.00001328075	2	0.2	0
555	293	294	55	0	-0.00386483107	0.02698857366	2	0.2	0
556	293	294	55	0	-0.00196816032	0.02698857366	2	0.2	0
557	294	295	55	0	-0.05527910584	0.00143932431	2	0.2	0
558	294	295	55	0	-0.18612222562	0.00143932431	2	0.2	0
559	295	296	55	0	-0.19955591213	0.02556204874	2	0.2	0
560	295	296	55	0	-0.10208928400	0.02556204874	2	0.2	0
561	296	297	55	0	-0.04877900316	0.01929251960	2	0.2	0
562	296	297	55	0	-0.01817737187	0.01929251960	2	0.2	0
563	297	298	55	0	-0.07149079876	0.54381462456	2	0.2	0
564	297	298	55	0	-0.23104432720	0.54381462456	2	0.2	0
565	298	299	55	0	-0.23125523830	0.65461870641	2	0.2	0
566	298	299	55	0	-0.07215046499	0.65461870641	2	0.2	0
567	299	300	55	0	-0.02787296403	0.12950021519	2	0.2	0
568	299	300	55	0	-0.07986745926	0.12950021519	2	0.2	0
569	300	301	55	0	-0.12364256792	0.00000120213	2	0.2	0
570	300	301	55	0	-0.17605918409	0.00000120213	2	0.2	0
571	301	302	55	0	-0.15395492131	0.00000068031	2	0.2	0
572	301	302	55	0	-0.04923275248	0.00000068031	2	0.2	0
573	302	303	55	0	-0.04533200022	0.00000033345	2	0.2	0
574	302	303	55	0	-0.13971428383	0.00000033345	2	0.2	0
575	303	304	55	0	-0.15184995751	0.00000068092	2	0.2	0
576	303	304	55	0	-0.08568986108	0.00000068092	2	0.2	0
577	304	305	55	0	-0.06011826295	0.00000066568	2	0.2	0
578	304	305	55	0	-0.06620826298	0.00000066568	2	0.2	0
579	305	306	55	0	-0.10694945322	0.00000018776	2	0.2	0
580	305	306	55	0	-0.20030758590	0.00000018776	2	0.2	0
581	306	307	55	0	-0.19900733514	0.00000017374	2	0.2	0
582	306	307	55	0	-0.10338082186	0.00000017374	2	0.2	0
583	307	308	55	13	-0.07737580682	0.00084865949	2	0.2	0
584	307	308	55	13	-0.11004582480	0.00084865949	2	0.2	0
585	308	309	55	0	-0.13648425676	0.00246850807	2	0.2	0
586	308	309	55	0	-0.16603755572	0.00246850807	2	0.2	0
587	309	310	55	0	-0.13916570684	0.00161920179	2	0.2	0
588	309	310	55	0	-0.04201423268	0.00161920179	2	0.2	0
589	310	311	55	0	-0.00257329320	0.00000014935	2	0.2	0
590	310	311	55	0	-0.00350646546	0.00000014935	2	0.2	0
591	311	312	55	0	-0.05725016322	0.00000034260	2	0.2	0
592	311	312	55	0	-0.18803515384	0.00000034260	2	0.2	0
593	312	313	55	0	-0.20017082753	0.00000119299	2	0.2	0
594	312	313	55	0	-0.09953092449	0.00000119299	2	0.2	0
595	313	314	55	0	-0.04578722673	0.00000065654	2	0.2	0
596	313	314	55	0	-0.01615114220	0.00000065654	2	0.2	0
597	314	315	55	0	-0.05342499710	0.00000064191	2	0.2	0
598	314	315	55	0	-0.17324593938	0.00000064191	2	0.2	0
599	315	316	55	0	-0.19014919916	0.00000014996	2	0.2	0
600	315	316	55	0	-0.11152427491	0.00000014996	2	0.2	0
601	316	317	55	0	-0.06211474632	0.00000035723	2	0.2	0
602	316	317	55	0	-0.01800609972	0.00000035723	2	0.2	0
603	317	318	55	0	-0.00110283994	0.00939510857	2	0.2	0
604	317	318	55	0	-0.00429824798	0.00939510857	2	0.2	0
605	318	319	55	0	-0.07017776078	0.01407191908	2	0.2	0
606	318	319	55	0	-0.22952459490	0.01407191908	2	0.2	0
607	319	320	55	0	-0.22952413259	0.09808187354	2	0.2	0
608	319	320	55	0	-0.07272263468	0.09808187354	2	0.2	0
609	320	321	55	0	-0.04586371857	0.16682712180	2	0.2	0
610	320	321	55	0	-0.13684592938	0.16682712180	2	0.2	0
611	321	322	55	0	-0.15067668260	0.07337292035	2	0.2	0
612	321	322	55	0	-0.09086313599	0.07337292035	2	0.2	0
613	322	323	55	0	-0.06702520554	0.00000279197	2	0.2	0
614	322	323	55	0	-0.07181032345	0.00000279197	2	0.2	0
615	323	324	55	0	-0.12208668587	0.00000218785	2	0.2	0
616	323	324	55	0	-0.23964334410	0.00000218785	2	0.2	0
617	324	325	55	0	-0.22447375199	0.00000383195	2	0.2	0
618	324	325	55	0	-0.06833083997	0.00000383195	2	0.2	0
619	325	326	55	0	-0.00418513619	0.00000283403	2	0.2	0
620	325	326	55	0	0.00000000000	0.00000283403	2	0.2	0
621	326	327	55	0	0.00000000000	0.00000175199	2	0.2	0
622	326	327	55	0	-0.00342163162	0.00000175199	2	0.2	0
623	327	328	55	0	-0.05586507863	0.00000379049	2	0.2	0
624	327	328	55	0	-0.18361818407	0.00000379049	2	0.2	0
625	328	329	55	0	-0.19748752543	0.00000327050	2	0.2	0
626	328	329	55	0	-0.10418594864	0.00000327050	2	0.2	0
627	329	330	55	0	-0.05174250164	0.00000331257	2	0.2	0
628	329	330	55	0	-0.01898764981	0.00000331257	2	0.2	0
629	330	331	55	0	-0.06969742915	0.00000287548	2	0.2	0
630	330	331	55	0	-0.22507888486	0.00000287548	2	0.2	0
631	331	332	55	0	-0.22637913562	0.00000327050	2	0.2	0
632	331	332	55	0	-0.07332261640	0.00000327050	2	0.2	0
633	332	333	55	0	-0.00874349571	0.00000374904	2	0.2	0
634	332	333	55	0	-0.00571161052	0.00000374904	2	0.2	0
635	333	334	55	0	-0.07072414814	0.00000283403	2	0.2	0
636	333	334	55	0	-0.23103415977	0.00000283403	2	0.2	0
637	334	335	55	0	-0.23103415977	0.00000283403	2	0.2	0
638	334	335	55	0	-0.07063931429	0.00000283403	2	0.2	0
639	335	336	55	14	-0.00432652593	0.00000218846	2	0.2	0
640	335	336	55	14	-0.00429824798	0.00000218846	2	0.2	0
641	336	337	55	0	-0.07017761943	0.00000387462	2	0.2	0
642	336	337	55	0	-0.23034419306	0.00000387462	2	0.2	0
643	337	338	55	0	-0.24291328366	0.00000435254	2	0.2	0
644	337	338	55	0	-0.11744659540	0.00000435254	2	0.2	0
645	338	339	55	0	-0.10487750479	0.00000223053	2	0.2	0
646	338	339	55	0	-0.19912249521	0.00000223053	2	0.2	0
647	339	340	55	0	-0.18655340460	0.00000339669	2	0.2	0
648	339	340	55	0	-0.06023837792	0.00000339669	2	0.2	0
649	340	341	55	0	-0.05980496100	0.00033972824	2	0.2	0
650	340	341	55	0	-0.18509993331	0.00033972824	2	0.2	0
651	341	342	55	0	-0.19853585775	0.00477430048	2	0.2	0
652	341	342	55	0	-0.10313761632	0.00477430048	2	0.2	0
653	342	343	55	0	-0.05026085363	0.02762621907	2	0.2	0
654	342	343	55	0	-0.01431256963	0.02762621907	2	0.2	0
655	343	344	55	0.00E+00	-0.00087662514	0.00287843739	2	0.2	0
656	343	344	55	0.00E+00	-0.00084834691	0.00287843739	2	0.2	0
657	344	345	55	0	-0.01385084594	0.02607438522	2	0.2	0
658	344	345	55	0	-0.04781755295	0.02607438522	2	0.2	0
659	345	346	55	0	-0.08639165860	0.01867210958	2	0.2	0
660	345	346	55	0	-0.14917643794	0.01867210958	2	0.2	0
661	346	347	55	0	-0.15047789185	0.00545448394	2	0.2	0
662	346	347	55	0	-0.09092246714	0.00545448394	2	0.2	0
663	347	348	55	0	-0.05234805307	0.02098738145	2	0.2	0
664	347	348	55	0	-0.02360639167	0.02098738145	2	0.2	0
665	348	349	55	0	-0.13759485220	0.00776968398	2	0.2	0
666	348	349	55	0	-0.44105795697	0.00776968398	2	0.2	0
667	349	350	55	0	-0.35047382557	0.00000270540	2	0.2	0
668	349	350	55	0	0.17709592069	0.00000270540	2	0.2	0
669	350	351	55	0	0.27721522861	0.03678525500	2	0.2	0
670	350	351	55	0	-0.00165754513	0.03678525500	2	0.2	0
671	351	352	55	0	-0.09224388917	0.07809126795	2	0.2	0
672	351	352	55	0	-0.03606251194	0.07809126795	2	0.2	0
673	352	353	55	0	-0.10064136959	0.04707411205	2	0.2	0
674	352	353	55	0	-0.32227112951	0.04707411205	2	0.2	0
675	353	354	55	0	-0.30883327744	0.00577118970	2	0.2	0
676	353	354	55	0	-0.05371681299	0.00577118970	2	0.2	0
677	354	355	55	0	0.01259597537	0.00000180076	2	0.2	0
678	354	355	55	0	-0.07924129298	0.00000180076	2	0.2	0
679	355	356	55	0	-0.11478148021	0.00447378293	2	0.2	0
680	355	356	55	0	-0.10545755281	0.00447378293	2	0.2	0
681	356	357	55	0	-0.08335395649	0.34524242892	2	0.2	0
682	356	357	55	0	-0.03864701898	0.34524242892	2	0.2	0
683	357	358	55	0	-0.01658986053	1.05327896359	2	0.2	0
684	357	358	55	0	-0.00463018157	1.05327896359	2	0.2	0
685	358	359	55	0.00E+00	-0.00028282019	0.74071377446	2	0.2	0
686	358	359	55	0	0.00000000000	0.74071377446	2	0.2	0
687	359	360	55	0	0.00000000000	0.03110186416	2	0.2	0
688	359	360	55	0	-0.00709776476	0.03110186416	2	0.2	0
689	360	361	55	0	-0.11588541103	0.00000023774	2	0.2	0
690	360	361	55	0	-0.37717875763	0.00000023774	2	0.2	0
691	361	362	55	0	-0.34900665800	0.00000029261	2	0.2	0
692	361	362	55	0	-0.02109871953	0.00000029261	2	0.2	0
693	362	363	55	0	0.03611231357	0.00000003048	2	0.2	0
694	362	363	55	0	-0.15047485170	0.00000003048	2	0.2	0
695	363	364	55	0	-0.19078262502	0.00000023774	2	0.2	0
696	363	364	55	0	-0.10072891562	0.00000023774	2	0.2	0
697	364	365	55	0	-0.10289600021	0.00011776862	2	0.2	0
698	364	365	55	0	-0.20104744390	0.00011776862	2	0.2	0
699	365	366	55	0	-0.20234769465	0.13944898258	2	0.2	0
700	365	366	55	0	-0.10493762241	0.13944898258	2	0.2	0
701	366	367	55	0	-0.06467615744	0.02441246362	2	0.2	0
702	366	367	55	0	-0.06026477262	0.02441246362	2	0.2	0
703	367	2	55	0	0.00000000000	0.02441246362	2	0.2	0
704	367	2	55	0	0.00000000000	0.02441246362	2	0.2	0